0.1530040566666667
0.12967531333333335
0.10683054799999998
0.07380808
0.10777588666666667
0.25311789999999995
0.20467491666666668
0.15916771333333332
0.10008705333333334
0.058275606333333334
0.07913042333333332
0.07224541666666666
0.05509289866666667
0.11347967333333332
0.09502906833333331
0.06204858500000001
0.13850153333333334
0.24143066333333332
0.20711174666666665
0.18921712999999998
0.11093109166666666
0.08021264833333334
0.072962052
0.28402309666666664
0.2977599833333333
0.122529832
0.08521024133333333
0.13634529666666664
0.17852012666666664
0.37824902666666665
0.39534432999999997
0.3417128333333334
0.26695412333333335
0.23274938999999997
0.2261224433333333
0.19496765666666668
0.1795215866666667
0.25262660333333337
0.17678687333333332
0.18187809000000002
0.12657615333333336
0.23131003333333333
0.2952735733333333
0.21163526333333335
0.17638767
0.12448745500000001
0.12596105
0.12388451999999998
0.10732039333333332
0.098717448
0.15095512
0.10402876466666666
0.09812614466666665
0.2390437566666667
0.23174200999999997
0.20495348333333333
0.119237615
0.10513313166666667
0.09305589333333332
0.07130032000000001
0.08154010666666667
0.2547512966666667
0.10116797166666668
0.09750652133333333
0.10490335699999999
0.20652854666666665
0.2005053366666667
0.20231287666666667
0.09293531333333334
0.08752768200000001
0.08881181999999999
0.087948637
0.07563977
0.11893859833333333
0.07165684166666665
0.12117336500000002
0.08935895633333334
0.17644807666666665
0.21615868000000002
0.17233166666666666
0.09134207666666666
0.07149340466666666
0.06679296633333333
0.05450954433333333
0.10282083333333332
0.16015878333333333
0.08810354999999999
0.07071876333333334
0.05391846
0.23102915333333338
0.16558043666666666
0.11933006133333335
0.10244354833333334
0.064200509
0.07719888533333334
0.06780225333333333
0.064694478
0.08973768
0.10305130000000001
0.13662639333333332
0.15315803333333333
0.14972085
0.14683482666666667
0.13417834333333334
0.09041198166666668
0.06979343333333334
0.07426685166666668
0.06313668900000001
0.07880757633333334
0.06550051866666667
0.16137068666666668
0.12083213333333333
0.26735642
0.23181942666666666
0.29026591333333335
0.1703204
0.10480662133333334
0.094212692
0.06624995266666667
0.07461566
0.072046125
0.09658548500000001
0.12487165
0.17594083333333332
0.20727479000000001
0.3012071166666667
0.16476486999999998
0.21079192
0.11819033133333334
0.08483110866666667
0.08262440333333333
0.07281206333333333
0.06806121466666666
0.12503740666666666
0.111315465
0.08885627
0.11062648333333334
0.47571188333333336
0.5566208433333334
0.5700046633333332
0.47131793666666666
0.40275928
0.3307164166666667
0.26970624000000004
0.24898411666666664
0.22943756999999998
0.1986327933333333
0.21054338000000003
0.16311736333333335
0.24471630666666666
0.26528619000000003
0.20338822999999998
0.20711606000000002
0.16325303333333333
0.16173543333333332
0.14804045333333335
0.17391109333333332
0.18640991333333332
0.17195068333333333
0.13922624000000003
0.14620518333333335
0.2188904633333333
0.21460497
0.19020172999999999
0.14043176999999998
0.11331064333333334
0.12406107999999999
0.10991336666666666
0.11592094466666665
0.14023158
0.12993042466666668
0.10669210333333333
0.10386515
0.24822743666666666
0.19536065333333333
0.14706297333333332
0.11250198833333334
0.08189261466666667
0.056034356
0.06545422199999999
0.091592782
0.10959690333333334
0.16824004
0.09643872466666666
0.09166696833333332
0.17082424333333335
0.13201811666666666
0.15864226666666667
0.11312079500000001
0.08047561833333333
0.08940407866666666
0.06529182866666668
0.07492730466666668
0.10122488866666667
0.09694350133333333
0.069515748
0.09093922
0.20504788333333335
0.22650669999999998
0.20174706666666667
0.10018259
0.06847546
0.07579243000000001
0.10000433199999999
0.11019112533333332
0.06665235533333333
0.12130232666666667
0.09108089333333334
0.07292277333333332
0.11496972
0.16570586333333334
0.14979402666666666
0.09723261999999999
0.046920989999999996
0.038147551
0.05000364399999999
0.07033312800000001
0.11671459666666667
0.0925569
0.1321177533333333
0.12580787000000002
0.23271530666666665
0.17263511666666667
0.13627506666666667
0.07977702833333333
0.08731068666666668
0.10862129533333333
0.06390271066666668
0.073104758
0.059004644333333335
0.16928817333333335
0.08690749000000002
0.12010513199999999
0.13863403333333332
0.152587
0.127824175
0.0850006
0.07089661666666668
0.05751496666666667
0.068124159
0.052861872
0.081117295
0.13005134666666668
0.16791825000000002
0.18699746333333334
0.27973582333333336
0.30225756666666664
0.16922794
0.16152860333333333
0.12636371833333335
0.08139528333333333
0.07126027866666666
0.15799200333333333
0.12238757666666666
0.16329052666666666
0.13432079333333333
0.17850016
0.23334198333333336
0.17600807333333335
0.17998258666666667
0.16021623666666665
0.13086569666666667
0.08461132666666667
0.06800267666666666
0.08968996
0.12460525166666665
0.16071003666666667
0.12833025666666667
0.20001797333333335
0.28187991
0.27606807000000005
0.23040610333333333
0.12987808666666667
0.11620318
0.102252003
0.12532270666666667
0.12242171
0.12566444666666668
0.12478788666666667
0.15745516666666667
0.17443409666666668
0.27302755333333334
0.31010076
0.17573337999999997
0.17460501666666664
0.11747621833333333
0.09652443333333333
0.06853317333333332
0.14193293666666665
0.12209716166666666
0.1954210666666667
0.13282740666666668
0.19531114333333333
0.23064155666666666
0.23473013333333334
0.20848533333333333
0.18734976666666667
0.10020813833333335
0.08750959333333332
0.09625172133333333
0.10022163666666667
0.12043604000000001
0.14030353666666667
0.15420421333333334
0.1623054833333333
0.2622873133333333
0.24344376333333337
0.19847968333333332
0.19929408999999998
0.14965745333333333
0.09876336666666667
0.06862428500000001
0.09664517333333333
0.13004775333333332
0.14699430333333333
0.12853451666666668
0.14402735
0.33634137333333336
0.22839116666666667
0.1846156666666667
0.16917373333333333
0.11738609500000001
0.09006863833333333
0.09793565133333333
0.10734173666666667
0.11715853999999999
0.12806253333333334
0.15034068333333334
0.21151281333333335
0.27637510666666665
0.17674632333333332
0.2095137433333333
0.24078361000000004
0.125327368
0.09081018166666666
0.07784770499999999
0.08186476
0.17228946
0.16633421
0.14675011000000002
0.20454521666666667
0.25539461999999996
0.34406286
0.23933509666666666
0.20898414333333334
0.15936368
0.086095732
0.09804618
0.11669352466666667
0.12428855833333334
0.14482211999999997
0.15577799333333334
0.19860462
0.2545896366666667
0.34948965000000004
0.21862983
0.19055232333333336
0.13152232666666666
0.09918517333333333
0.12641921333333334
0.13172808666666666
0.18501249666666666
0.15887311
0.12582433333333334
0.19959669666666668
0.38464187666666666
0.27404715333333335
0.19118032333333335
0.1934811533333333
0.13144903
0.13093717000000002
0.13270264
0.11507745000000001
0.14148878666666667
0.16162951
0.13720001999999998
0.18722982666666668
0.5070421700000001
0.46155002333333334
0.23176569000000002
0.21331200333333333
0.13572397
0.16288338
0.10362284133333333
0.10755692
0.12571343533333332
0.19162548666666668
0.1914733833333333
0.18938918000000002
0.43832770000000004
0.29730981333333334
0.21750105666666666
0.22500369
0.103804815
0.10906465
0.09754121666666667
0.11832356333333333
0.11096479333333333
0.2026022333333333
0.18053298666666664
0.22390664666666668
0.32456187999999997
0.28526361666666666
0.14800513
0.19598182
0.13091745666666665
0.07629068333333333
0.09521161666666667
0.11063633466666667
0.23423302000000001
0.14337128333333335
0.09997199999999999
0.14170227999999999
0.25976369666666665
0.2716712333333333
0.18641455666666665
0.15491527666666668
0.10101602533333333
0.10262655
0.09345625666666668
0.09908099366666667
0.10859907499999999
0.12826151666666666
0.19203815333333332
0.19113941333333337
0.29138294666666664
0.28543740666666667
0.16381172666666666
0.15742047999999997
0.13257209666666667
0.09605596666666667
0.10617340199999999
0.14346190666666667
0.14520999666666667
0.1272445
0.15660457333333333
0.13979772
0.28262684
0.2164374033333333
0.16315217333333332
0.17687041666666667
0.12736932999999998
0.10845265
0.07081739
0.07455243500000001
0.123343934
0.12337164666666667
0.10466013666666667
0.14299344
0.29771795333333334
0.38437323
0.20049457
0.19406560333333334
0.14937985333333334
0.08420547
0.07374098899999999
0.13384927666666666
0.10029591133333333
0.18774800666666666
0.12412579
0.18501776
0.3609988533333333
0.3407716166666666
0.23570286333333335
0.14455642333333332
0.11251283666666667
0.07761769833333333
0.069829963
0.061031464333333334
0.08985646166666666
0.10370258166666667
0.11376803866666667
