0.14097096
0.12587051
0.10579956
0.07277387
0.10753758
0.255544
0.20325415
0.15346813
0.09897128
0.059339717
0.08050521
0.07317179
0.055151053
0.11287754
0.094760075
0.0547316
0.1405949
0.24518782
0.20554523
0.18820614
0.107476085
0.082110725
0.07588645
0.2860381
0.29622445
0.121230416
0.087358795
0.13148716
0.17726989
0.38129348
0.3921148
0.33726397
0.26404902
0.2344644
0.22743282
0.19677828
0.1838518
0.24772222
0.1804119
0.18076546
0.1236353
0.23063144
0.296812
0.21203975
0.1733184
0.12397407
0.12794557
0.12564023
0.10767751
0.0997492
0.14940117
0.104115084
0.09667814
0.24189587
0.23088525
0.20080204
0.11807788
0.10879725
0.09541182
0.07330766
0.08243623
0.25095323
0.10181818
0.09484097
0.103997536
0.20450668
0.19645634
0.19477776
0.0911151
0.090166226
0.0927745
0.090857886
0.074028485
0.118394695
0.07241579
0.117972985
0.08891874
0.18114683
0.2153068
0.17223135
0.08962685
0.07296392
0.06838876
0.056634825
0.10025987
0.15238062
0.09164538
0.06705089
0.05236081
0.23505117
0.16680041
0.11521001
0.09957634
0.06600047
0.079300046
0.06950756
0.06639255
0.08969898
0.10391773
0.13206483
0.15558028
0.14863889
0.14418356
0.13324505
0.08733442
0.07129183
0.07639276
0.06617132
0.079565674
0.06865175
0.15455414
0.11047665
0.26589862
0.23499139
0.2971481
0.1697808
0.102807544
0.096257836
0.06879365
0.07463546
0.07189089
0.09607748
0.12463674
0.16867255
0.21143557
0.313062
0.1610518
0.20208761
0.11546763
0.085777536
0.084173456
0.07498399
0.0662785
0.12127329
0.111966945
0.08880445
0.11243433
0.47602135
0.5553561
0.56514716
0.46720293
0.40243188
0.3305832
0.26984078
0.250924
0.22879986
0.19877005
0.20607938
0.16150998
0.24424927
0.26437944
0.1992077
0.20162638
0.16319223
0.16230386
0.14916283
0.17130843
0.19059157
0.17078009
0.1344521
0.14473335
0.21754639
0.21064094
0.18622121
0.13777179
0.11392109
0.126708
0.11224425
0.11238635
0.12636524
0.12997042
0.10446244
0.10316416
0.25591573
0.19698307
0.14090304
0.111392185
0.08397598
0.0568737
0.068195336
0.08735924
0.10261866
0.16891335
0.087028444
0.08981215
0.17497563
0.1293313
0.15488261
0.10918002
0.081882045
0.08977076
0.065833986
0.07320005
0.097895406
0.09439941
0.064198084
0.08921993
0.21060345
0.22702618
0.19782308
0.09694104
0.06986297
0.078306966
0.10051458
0.10616171
0.065516956
0.12250369
0.09100823
0.07170768
0.11374884
0.16430323
0.14842501
0.09544401
0.04704649
0.038441952
0.051976323
0.0705667
0.11113476
0.09621924
0.12940885
0.1261311
0.23677026
0.16857523
0.13552554
0.07594632
0.08626005
0.11026992
0.06579322
0.073606774
0.05973507
0.16371644
0.08908767
0.119267076
0.13562924
0.15147495
0.124195255
0.08181526
0.071215935
0.05956787
0.070371665
0.052944336
0.078506365
0.13117163
0.17146501
0.18714064
0.28919402
0.2992759
0.16955467
0.15849426
0.12746412
0.08459583
0.072831586
0.1538977
0.12481492
0.16247812
0.13846856
0.18021858
0.2334475
0.17169942
0.17527547
0.16025294
0.13486655
0.08814922
0.07048018
0.091183014
0.121324725
0.16217339
0.13112387
0.20237048
0.2917719
0.27182704
0.22831345
0.12591258
0.11778314
0.10485631
0.1267618
0.12420696
0.12426577
0.12782475
0.15882492
0.17706725
0.27248597
0.31050858
0.17242987
0.16971195
0.12064479
0.10074216
0.0709648
0.142751
0.124191135
0.19598405
0.13101457
0.1989607
0.22948521
0.22691472
0.20618713
0.18705037
0.10212183
0.091594
0.10055764
0.10363894
0.12245126
0.14422424
0.15652998
0.1639573
0.2605802
0.24005403
0.19051021
0.20185697
0.1520964
0.10055101
0.07194647
0.09708933
0.13503326
0.14683655
0.13089886
0.14455932
0.34255692
0.22338022
0.1763068
0.16684996
0.120283425
0.092620835
0.10016473
0.10904052
0.11655598
0.12937745
0.15357281
0.2186864
0.27921104
0.17312497
0.20260136
0.24357393
0.1285287
0.09440856
0.081584185
0.08494104
0.17754398
0.17145085
0.15004972
0.20237581
0.25410745
0.3390608
0.23562267
0.20769584
0.163134
0.087128386
0.100261696
0.11894423
0.12707525
0.14773826
0.1596025
0.20470418
0.25193235
0.34555
0.2097944
0.18931939
0.13577685
0.10240742
0.1312595
0.13380922
0.19013189
0.16173989
0.12503988
0.20438907
0.39544228
0.27642456
0.18910822
0.18852834
0.1344556
0.13407777
0.13229416
0.11812676
0.14572282
0.16750003
0.13982596
0.18894108
0.52188236
0.45662934
0.2209075
0.2054232
0.14005634
0.16721287
0.10759639
0.11111809
0.13128439
0.19204395
0.193822
0.19385767
0.44768178
0.29011428
0.21041013
0.2190014
0.106126055
0.11135427
0.09983617
0.12087053
0.11576339
0.20433189
0.18471396
0.22426903
0.32409453
0.28519347
0.14345545
0.1936029
0.1308956
0.07952545
0.09723595
0.11174393
0.2403068
0.14705923
0.10267096
0.14236571
0.25804982
0.2707847
0.17848285
0.15435931
0.104179226
0.10533459
0.0961758
0.10351466
0.109943755
0.13171646
0.19833548
0.19387259
0.2944497
0.28220424
0.1586769
0.15541217
0.13757761
0.10050332
0.11058821
0.14686382
0.14917782
0.1312081
0.15744692
0.14177614
0.28311858
0.21141118
0.1601011
0.1737605
0.13152471
0.1139058
0.07328624
0.077522315
0.1315959
0.12535341
0.10924389
0.14466316
0.2975765
0.3821903
0.19268008
0.19377927
0.15226579
0.08775058
0.076037526
0.1395781
0.100469604
0.19780502
0.1244908
0.19379936
0.36010012
0.34019083
0.23313935
0.1454086
0.11421303
0.08191542
0.07356473
0.063056044
0.092556775
0.10590838
0.11590464
