0.16618407
0.18377066
0.19143501
0.30374017
0.3851725
0.48246354
0.42466003
0.3794477
0.37413388
0.21553318
0.24908102
0.18153374
0.16547874
0.23764132
0.26105547
0.3578908
0.38532308
0.6395988
0.52195936
0.43450096
0.38640463
0.2306072
0.13783139
0.15145518
0.22792447
0.22580795
0.30098307
0.4304996
0.5103914
0.5803893
0.46723187
0.48744997
0.5233683
0.4352528
0.34468094
0.31015906
0.22183761
0.2852972
0.37215933
0.43485513
0.49699417
0.46762735
0.44308975
0.59808934
0.38717374
0.30394232
0.25343743
0.22237699
0.23694901
0.25428054
0.27546957
0.34254655
0.3944801
0.45716038
0.36260638
0.5378302
0.37641475
0.32508993
0.23721066
0.22339113
0.2040649
0.2513741
0.24086761
0.39970243
0.42685506
0.5017832
0.36331707
0.33229563
0.31785348
0.30708086
0.19833396
0.17583893
0.1324578
0.18995045
0.24347338
0.32977495
0.3307522
0.4237337
0.42448002
0.39182806
0.3855951
0.34970975
0.21297781
0.14241046
0.18354827
0.19724016
0.22532178
0.32814252
0.39525306
0.49816427
0.6291757
0.3549127
0.29832536
0.29726946
0.1894533
0.17779824
0.15124342
0.16492221
0.18347348
0.35897776
0.47162193
0.64337915
0.46860355
0.41267988
0.26531133
0.42977703
0.2811922
0.14261223
0.19816308
0.20679708
0.27390394
0.3764645
0.4675414
0.5259963
0.40732497
0.49924242
0.47357967
0.3343376
0.19519633
0.167269
0.3227913
0.13770382
0.24664974
0.43109477
0.4853832
0.51381713
0.39895022
0.38297296
0.4859341
0.3712514
0.1772451
0.15790401
0.12970264
0.19836295
0.33184543
0.28467762
0.4313704
0.537876
0.4715491
0.4652008
0.51076657
0.5782218
0.46090537
0.37987995
0.39198196
0.37538624
0.64438957
0.4491226
0.54008937
0.52463394
0.45254079
0.3318059
0.37354058
0.43180105
0.2881156
0.30216563
0.21155798
0.38921732
0.26512825
0.38432404
0.43667465
0.6292127
0.47201267
0.3630091
0.48760864
0.39102456
0.34320226
0.169272
0.2657271
0.23209369
0.48274425
0.3042111
0.40292522
0.49764717
0.337095
0.3296718
0.40328017
0.2642058
0.13411394
0.14290269
0.13186862
0.16453946
0.24258848
0.33791432
0.4201213
0.509363
0.41987967
0.44292614
0.48275697
0.25075558
0.18573076
0.17183611
0.22747707
0.19554067
0.1957227
0.37774566
0.35284585
0.39065638
0.4861502
0.48516947
0.4355245
0.19769368
0.16208062
0.18837915
0.2342394
0.117250316
0.17506121
0.34346706
0.48463926
0.51467776
0.49229756
0.3692657
0.3089648
0.1913658
0.15116698
0.14652884
0.13579337
0.12623194
0.19472885
0.35184404
0.44013503
0.46474165
0.34642956
0.41375136
0.46585426
0.2192326
0.13498406
0.111074835
0.18889934
0.15211925
0.29176182
0.3202577
0.45147794
0.58978564
0.41831344
0.47126815
0.4450357
0.30748907
0.2634502
0.155886
0.086533315
0.09193907
0.27080065
0.3684225
0.4862476
0.2711822
0.36954033
0.3341926
0.34838468
0.36408192
0.19883415
0.181238
0.14798811
0.19031799
0.3030797
0.33205825
0.4945819
0.38060445
0.5752407
0.38008732
0.5118893
0.35597467
0.31033176
0.17094792
0.1276101
0.17689227
0.30389118
0.3815971
0.5279759
0.3302316
0.6707425
0.52422625
0.3606198
0.21021333
0.22166432
0.14238521
0.2172991
0.18665834
0.23618385
0.35021958
0.4368295
0.32098338
0.47563955
0.32895732
0.35434204
0.36953008
0.27155587
0.16400291
0.12914239
0.24316266
0.43948936
0.33473837
0.4516099
0.40489236
0.2845989
0.40234482
0.2617322
0.27611548
0.18111558
0.26765537
0.13028672
0.24807838
0.41763222
0.3857859
0.38665122
0.39074165
0.49546778
0.40394333
0.39595932
0.25994083
0.20856489
0.14856818
0.17837954
0.18863812
0.24508572
0.43246537
0.45955503
0.4286952
0.37760115
0.44710225
0.27157682
0.2238893
0.15169673
0.22161667
0.17700693
0.21502556
0.26421124
0.5839992
0.30190706
0.4882088
0.31933734
0.4495245
0.4580225
0.31398177
0.19969349
0.17503272
0.1596635
0.2213357
0.30838218
0.4604135
0.5636972
0.42805728
0.47595212
0.36800966
0.405812
0.44355938
0.22536376
0.17653736
0.25838596
0.18216021
0.350681
0.25576416
0.35676077
0.34351388
0.34348217
0.36366576
0.40358317
0.17699482
0.15476604
0.19819924
0.20816875
0.26822668
0.48161542
0.45750964
0.4313243
0.46654257
0.29954118
0.34738082
0.30835962
0.30676273
0.22513808
0.209381
0.18478556
0.17386322
0.29110956
0.35594383
0.4098034
0.31697166
0.43731973
0.32160094
0.38621745
0.28184104
0.23755138
0.13168298
0.18340953
0.18066268
0.32020167
0.3663094
0.33375585
0.3913365
0.39353263
0.37835398
0.30362776
0.24064766
0.23492599
0.107969254
0.15835318
0.21654826
0.30854496
0.5105681
0.484996
0.40574223
0.35688955
0.29004633
0.3659262
0.26263106
0.13522634
0.14762694
0.19971831
0.2827017
0.4334871
0.24735196
0.43137637
0.44505516
0.4090745
0.40376553
0.32948747
0.23935395
0.2503712
0.13561136
0.13747764
0.20653936
0.26591185
0.40745863
0.3487204
0.42481554
0.25063875
0.30992973
0.3467277
0.224959
0.1465352
0.091465116
0.12607779
0.17865881
0.200505
0.5444153
0.4316244
0.4184681
0.29318509
0.24590972
0.29664892
0.3059074
0.18584178
0.121007055
0.4440054
0.21865796
0.49475127
0.45247638
0.34957352
0.29197276
0.2850417
0.34476635
0.16427265
0.15885966
0.13565491
0.21571289
0.27895504
0.24083397
0.46786293
0.46191365
0.31862983
0.51513463
0.25969183
0.29146686
0.24295983
0.2222776
0.08003718
0.12600392
0.19231464
0.2724537
0.3940052
