0.17434637
0.19178032833333333
0.18233820166666667
0.30145436166666667
0.37406712166666667
0.47880498
0.44182380000000004
0.40664701166666667
0.3969457383333334
0.19624106
0.24617666166666663
0.18093662833333332
0.15535292
0.23078300166666665
0.2605095883333334
0.370930315
0.38358161166666666
0.6532982416666666
0.55086826
0.43568220166666666
0.400567025
0.23624629499999997
0.13745046666666666
0.15484436833333334
0.23548049333333332
0.2260574533333333
0.29151179833333335
0.40901016333333334
0.5083774216666667
0.5799644583333333
0.48385232333333333
0.5098294816666666
0.51675758
0.4228813633333333
0.34150449499999996
0.2952697966666667
0.22021032333333335
0.28788295333333336
0.35530643
0.439643915
0.48838034499999994
0.485667535
0.46870234666666666
0.62916547
0.37875062500000006
0.298165305
0.24726454333333334
0.21485273166666666
0.23082912666666663
0.24540932000000001
0.2661055983333333
0.341654025
0.38314904
0.482626115
0.38535016
0.5686443999999999
0.3918031983333334
0.3001648433333334
0.23907719666666663
0.22875734333333334
0.191338275
0.25115826999999996
0.22576776833333334
0.39106154166666673
0.4187206316666667
0.5084386033333333
0.39438241333333335
0.354189415
0.33240310500000003
0.2969966783333334
0.19928095499999998
0.16540430833333333
0.12656360766666666
0.18793382333333333
0.2418217016666667
0.31157964666666665
0.3373976616666667
0.43340720166666663
0.4333141883333333
0.4234265400000001
0.37640558166666666
0.3562285033333333
0.212120585
0.13611864333333334
0.18402683333333333
0.18073571333333335
0.21762865
0.34203815000000004
0.391805515
0.5002039399999999
0.6493300716666667
0.3825845966666666
0.30318568500000004
0.2882626
0.17374372333333332
0.17040066833333334
0.14943805000000002
0.15280499666666666
0.17637735499999999
0.35629788166666665
0.46780303
0.6444858216666667
0.482788665
0.44466417166666666
0.2702832916666667
0.4253526383333333
0.27844661333333337
0.13351122333333332
0.19481436833333335
0.20380687499999997
0.2647573966666667
0.3602676483333333
0.48576045500000004
0.518079415
0.4325135716666666
0.53737682
0.49166778
0.33468464166666667
0.19696054333333335
0.16082781666666668
0.29499633
0.13401725833333333
0.24691465999999998
0.4073738433333333
0.47930381
0.5175625766666667
0.42681414500000003
0.40534676999999997
0.5061368483333334
0.36563687666666667
0.17356614166666665
0.14984245333333335
0.127488665
0.1867317333333333
0.323278265
0.27956435333333335
0.41403760166666664
0.5102023933333334
0.48404022333333335
0.47091075666666665
0.512077125
0.56246704
0.44906639666666665
0.37090397
0.4021666316666667
0.37526613999999997
0.6462314166666666
0.43973359333333334
0.5232889666666668
0.5167649866666667
0.45795515666666664
0.36023472833333336
0.3919037266666667
0.42054529999999996
0.29640380499999996
0.305369785
0.20444653166666663
0.3944988916666667
0.259591485
0.3807256966666667
0.44670368
0.6343759933333333
0.5023076016666668
0.38598029
0.4820475933333333
0.39532014666666665
0.32793226833333333
0.1648222
0.24622245500000003
0.22771378666666667
0.45859128833333335
0.28666042166666666
0.41827758333333337
0.5182432016666666
0.357694675
0.3614443766666667
0.41727950333333336
0.26290964833333336
0.13283029000000002
0.13943943833333333
0.12721035249999998
0.15732619166666664
0.23140197000000004
0.31220256
0.4328199083333333
0.5075263166666667
0.44920681333333334
0.44622453
0.4748251783333333
0.24154467
0.17311180333333331
0.170582895
0.21585438
0.17646935166666666
0.18723714000000002
0.38420531166666666
0.33353673666666667
0.386942135
0.49696015000000004
0.5011814883333333
0.43497825166666654
0.19224989
0.16492836833333335
0.183299145
0.23815097166666668
0.11490639933333334
0.172608705
0.34379812333333337
0.48340596999999996
0.5193017333333333
0.5261483983333333
0.3821674833333333
0.30698686166666667
0.18554338166666665
0.1451130383333333
0.1388737283333333
0.12938914833333334
0.12217228333333334
0.18388927
0.327883555
0.43373382833333335
0.45354760333333327
0.3581637033333333
0.43136273833333333
0.4630274433333334
0.19983420166666668
0.1315487816666667
0.11035262683333331
0.18426574166666668
0.141390045
0.283603055
0.3121925116666666
0.4763829133333333
0.6177414983333334
0.4404995566666667
0.4993328583333334
0.4413218116666667
0.312548285
0.254218665
0.14893551666666668
0.088232255
0.09031107333333334
0.27243567166666666
0.366722425
0.48848095166666666
0.27997173999999997
0.38945390500000004
0.34248183000000004
0.34681863666666674
0.35474406666666664
0.19182681333333337
0.17609538666666666
0.14226381166666666
0.189807745
0.294991755
0.30461610166666664
0.48458542833333335
0.388853605
0.5954872316666667
0.3962277033333333
0.49431256333333334
0.35875398
0.30257337
0.16030782666666668
0.12982908166666668
0.17667006166666666
0.2901467633333333
0.3661918766666667
0.49260391499999995
0.3478690516666667
0.6518344583333333
0.5131011883333333
0.3536206
0.20791308333333336
0.21900714
0.13930878333333335
0.19773366499999998
0.17396753166666667
0.22930849333333334
0.35572632666666665
0.43266287166666667
0.32747860333333334
0.47385305499999997
0.3448019283333334
0.34378408
0.37152478000000005
0.26503324666666667
0.14908781833333334
0.11578319833333334
0.24002578500000002
0.43175312
0.32345899666666666
0.4304976866666667
0.3914287083333334
0.30010536
0.40428488
0.2603955
0.2684542833333334
0.16867450333333334
0.265281045
0.12276858833333333
0.2377975366666667
0.3956464133333333
0.3797523566666667
0.38087788333333333
0.4099914416666666
0.5047997633333333
0.4081826933333333
0.37650059666666663
0.2526729933333333
0.21339740833333334
0.1427129033333333
0.1776747
0.18267440166666668
0.23510072
0.4290306683333333
0.4615519133333334
0.44244400833333336
0.39235887333333336
0.4354114383333334
0.2688142683333334
0.21957981666666668
0.1458700616666667
0.22094193333333334
0.16646465833333335
0.20064835500000003
0.24359825499999999
0.5886899383333334
0.3120965816666667
0.48708202500000003
0.3324764533333333
0.460869975
0.4590545316666667
0.3184953383333334
0.1939831816666667
0.16557226666666666
0.14389433833333332
0.21958543666666666
0.28211869500000003
0.43686277833333326
0.5719777066666666
0.42437671
0.48937802333333336
0.38426501666666674
0.404855095
0.4378196266666667
0.2241941116666667
0.16820845666666664
0.23488451333333335
0.18014310166666667
0.33596739333333336
0.25363632666666663
0.3596591533333333
0.33926471166666666
0.3538494383333333
0.38126834666666665
0.380273125
0.17138557499999998
0.15376148333333334
0.19844543333333334
0.19212892999999998
0.255442755
0.4666187433333333
0.4432946783333333
0.41409065666666667
0.47841439833333327
0.31987594333333336
0.369620705
0.30451811166666665
0.2906860783333333
0.21495883833333332
0.206475505
0.1790067866666667
0.1587612
0.2825920466666667
0.36187111000000005
0.4084351916666667
0.3145504333333334
0.450677315
0.329344795
0.4009306383333333
0.27251925833333335
0.23940565999999996
0.12695263333333334
0.16694460833333333
0.16691625499999999
0.317825595
0.34336010666666666
0.33348563333333336
0.39550186499999995
0.40301915166666663
0.4036162616666666
0.3067547716666667
0.24210164
0.23156645333333334
0.09963549483333334
0.14916256833333333
0.21022803333333337
0.2928036033333333
0.492613775
0.4589165766666666
0.41237290833333334
0.37815445
0.306431015
0.35531387999999997
0.27461790333333336
0.1315392333333333
0.1460627733333333
0.19567389833333335
0.26747243833333334
0.4252860716666667
0.240877865
0.43567511166666667
0.42958190500000004
0.42235567499999993
0.41641199000000007
0.33849873999999996
0.24552254333333334
0.2556401
0.12615252000000002
0.12970914000000003
0.19219112333333332
0.24819763500000003
0.39978586666666666
0.34344564666666666
0.4153229133333333
0.2581739883333333
0.31727831666666667
0.34942294
0.22099212
0.14348747666666664
0.09263404933333334
0.11930221249999999
0.17736116333333332
0.20040826999999997
0.5410978566666668
0.41905278333333335
0.4084397066666667
0.2959433166666667
0.2547450833333333
0.29804976499999997
0.2884825166666667
0.17646092833333335
0.12212414583333335
0.42009255333333334
0.209357995
0.44820777
0.4431798483333333
0.33136408333333334
0.29490480333333335
0.3020131283333333
0.32468609
0.15379272166666666
0.15305995000000003
0.12515522166666665
0.20623422833333335
0.2502864583333333
0.22837612166666665
0.477682755
0.4505773816666667
0.3098571333333333
0.5368857699999999
0.26791990666666665
0.29281469666666665
0.24700865666666663
0.203509525
0.08083321633333333
0.11772648833333332
0.16570434833333333
0.26225271666666666
0.39164654833333334
