0.09849507
0.13051718
0.21924254
0.2529105
0.3868783
0.2349908
0.16996227
0.17434031
0.15716992
0.17173998
0.097062506
0.14568067
0.11984694
0.15654287
0.14398068
0.24590768
0.33765388
0.24919596
0.2507715
0.22395967
0.16545515
0.15068096
0.09783714
0.07536443
0.152864
0.1762773
0.20817074
0.38556796
0.52165633
0.53720033
0.42102903
0.37792143
0.31459287
0.30048567
0.24571678
0.24252895
0.18681397
0.21301143
0.21587609
0.31173936
0.38626778
0.29029813
0.2648981
0.2428796
0.18510577
0.15187962
0.14721471
0.16693386
0.1424145
0.20848739
0.27093697
0.36143714
0.3797788
0.23380458
0.2171674
0.21466734
0.20590343
0.14924383
0.1395007
0.13899526
0.1538718
0.11277365
0.2581721
0.20794488
0.33676147
0.22771618
0.20410235
0.17637266
0.14330313
0.11668068
0.11545503
0.112375595
0.10319863
0.14834851
0.24261384
0.31657866
0.2165378
0.25666878
0.19204177
0.18030705
0.18758807
0.12566566
0.12274927
0.07150387
0.09173909
0.14508162
0.21398497
0.2157198
0.3360577
0.20465434
0.14503361
0.167337
0.1458492
0.1141448
0.108816296
0.102327816
0.09899562
0.12187639
0.16086693
0.28293753
0.25052676
0.32122153
0.21166773
0.19013567
0.16776548
0.10086385
0.12062115
0.17963783
0.0692188
0.079785496
0.19324331
0.2993279
0.31328964
0.3163045
0.23425223
0.20004323
0.19530703
0.158845
0.07772776
0.0713736
0.17885008
0.07552893
0.12257725
0.3223749
0.38596773
0.21554784
0.23003699
0.18032417
0.17686446
0.12255888
0.1411068
0.15587285
0.0695317
0.21347156
0.2387305
0.38307056
0.3981089
0.25351575
0.5285003
0.50735795
0.4500426
0.414246
0.37832916
0.3535623
0.33213136
0.31322223
0.4422893
0.43162504
0.5279253
0.37448838
0.30172196
0.27110946
0.24065232
0.21762136
0.20706232
0.17557295
0.16222946
0.21202673
0.26294136
0.33653182
0.4575584
0.1872444
0.21073925
0.21081875
0.18656053
0.1831653
0.14350924
0.14221421
0.17613517
0.15236367
0.19689956
0.3906812
0.26220578
0.17653593
0.20181145
0.19476695
0.16958418
0.1610438
0.09841099
0.07914337
0.11358762
0.10001486
0.21227108
0.34819028
0.29167777
0.23745154
0.22476651
0.19038162
0.18715869
0.18569449
0.09384885
0.08870498
0.11886096
0.1490998
0.2350873
0.2610356
0.28398168
0.2102945
0.20506625
0.1823582
0.20449586
0.113450184
0.11999122
0.07061177
0.09118625
0.07592841
0.19898397
0.4425434
0.25857183
0.22033979
0.23263083
0.19116862
0.1775619
0.15284689
0.10609719
0.08416499
0.093063556
0.09768167
0.17743123
0.25214097
0.31387183
0.20286264
0.18201058
0.2082697
0.22271663
0.10586568
0.13275196
0.08928687
0.14449175
0.21136555
0.17246671
0.22222549
0.22771896
0.17297731
0.21441382
0.18410154
0.13437545
0.1045493
0.087833
0.074997745
0.12116299
0.08537416
0.17902309
0.29077488
0.3263255
0.1851699
0.3257396
0.22496328
0.2356493
0.1524214
0.12620871
0.09751714
0.086512916
0.14985909
0.13971739
0.5054172
0.3587839
0.1613391
0.26017496
0.3220412
0.21793967
0.14062253
0.10269863
0.0851965
0.07424639
0.1436243
0.1881472
0.3924163
0.3260293
0.19753876
0.24742243
0.26622704
0.26357988
0.19473559
0.14485607
0.11492001
0.12057579
0.17145982
0.22257733
0.3137762
0.36268568
0.25416666
0.2431908
0.28927654
0.21571346
0.1822161
0.13542944
0.107560635
0.12637225
0.13798901
0.23256287
0.33271164
0.46804243
0.23199211
0.23681442
0.19669221
0.18226315
0.17445394
0.121384636
0.09557019
0.14256795
0.24891931
0.27634677
0.31056595
0.32534593
0.30434814
0.24218808
0.23882699
0.22137268
0.18100181
0.10820953
0.13714366
0.14463942
0.24987152
0.22223288
0.31368414
0.36135232
0.31251523
0.22688626
0.26571676
0.23108009
0.18743058
0.11334465
0.10911504
0.108137615
0.17528984
0.30666828
0.47139707
0.3985595
0.33332056
0.1971357
0.26251185
0.17526409
0.1667194
0.13352914
0.10813242
0.14459096
0.106828704
0.21549128
0.28872448
0.40772298
0.30978772
0.2517693
0.2590298
0.2730498
0.19896261
0.11547554
0.1387361
0.13852878
0.15986422
0.19688118
0.39758408
0.32833546
0.24136218
0.21263464
0.22773758
0.20796116
0.22517633
0.14055014
0.103120394
0.11091732
0.13581255
0.2617003
0.39964616
0.44501892
0.32734033
0.30863816
0.2231748
0.20036002
0.23603521
0.15224873
0.12177821
0.10791635
0.19680122
0.2397939
0.31636342
0.4135341
0.28474486
0.26154578
0.23573895
0.19299641
0.20238897
0.11071888
0.108275734
0.118038476
0.22119808
0.19554998
0.41977993
0.42864037
0.24135691
0.24297078
0.2534324
0.16029775
0.17270984
0.11528958
0.12292543
0.15616803
0.1607832
0.22890693
0.33158398
0.38360727
0.29469618
0.2188844
0.2352995
0.2081064
0.13692592
0.119499944
0.12197627
0.07368188
0.10824992
0.27564603
0.27498692
0.32171682
0.27613032
0.21378522
0.1792917
0.1762565
0.13321926
0.11777785
0.09480813
0.10498204
0.21881336
0.27683777
0.20584671
0.26031515
0.3343644
0.18950574
0.23992695
0.30055618
0.1502722
0.08775167
0.07876376
0.08068728
0.0913571
0.2415965
0.2597746
0.3439441
0.26045027
0.20930485
0.18853022
0.14516054
0.12949064
0.1265463
0.09812856
0.14044191
0.13104483
0.18941496
0.31306592
0.31625757
0.2630734
0.20318413
0.2395743
0.17560068
0.13273211
0.080801204
0.1282348
0.08703259
0.18829915
0.20217505
0.36790767
0.36675164
0.35604826
0.24665996
0.25990465
0.25227073
0.26813826
0.10889203
0.0739055
0.11719005
0.16965252
0.22480747
0.3469959
