0.10858969083333335
0.14213440333333335
0.23483201333333334
0.28126431
0.4252576733333333
0.2554818716666667
0.18297848833333333
0.19112245833333333
0.16698934499999996
0.19338581999999996
0.10556657600000001
0.15721326000000002
0.13889427833333334
0.17868876999999997
0.16235375833333335
0.27451631833333334
0.36484234666666665
0.2741292033333333
0.2697812583333334
0.2458091783333333
0.17875016666666665
0.16629497166666668
0.10995153866666667
0.0892988825
0.1646273
0.19358212
0.2216414966666667
0.41089607
0.5253477133333334
0.5556623716666667
0.43560304333333333
0.3905829
0.3251363916666667
0.31845538833333337
0.26324193833333337
0.2574037083333333
0.19981258666666665
0.22450595166666665
0.2383106216666667
0.33578377500000006
0.4097579816666667
0.30470380166666666
0.2889699866666667
0.2629507566666667
0.19951823
0.161885625
0.15985002666666667
0.18246401166666668
0.15634605666666665
0.21853194499999998
0.29786805166666663
0.386641085
0.42518085499999997
0.2528607683333333
0.23538824000000003
0.23497088833333335
0.22276108000000003
0.16279660333333332
0.1491572383333333
0.14929449833333333
0.16950124499999997
0.132180104
0.2865660916666667
0.227541035
0.36820129999999995
0.24596436166666666
0.22176907999999998
0.19476330499999997
0.15406878999999998
0.130722404
0.132425794
0.12921632916666667
0.11578058333333331
0.16631648833333335
0.27475618999999996
0.3418398366666667
0.229491185
0.2878276533333333
0.20941291833333334
0.19539200499999998
0.19949089
0.14045588
0.13760218
0.08144702416666666
0.1023811435
0.15821551666666667
0.2518044783333333
0.23749186666666666
0.36393615
0.22174285666666668
0.15811739333333333
0.17787081833333332
0.15543962500000003
0.12407883933333332
0.12316278266666668
0.1158200425
0.11224761733333334
0.142828265
0.184620665
0.309866035
0.2696504733333333
0.34267728833333333
0.22262064
0.1926419766666667
0.17712965833333336
0.11418114233333333
0.13866931999999998
0.20335467833333332
0.080985696
0.09165354666666665
0.21161110166666666
0.32005737166666665
0.3392153066666667
0.35118079500000005
0.25745510499999996
0.20789814166666667
0.20563904333333335
0.17357343666666666
0.08856293500000001
0.08005372833333332
0.19715109166666667
0.08861038166666667
0.13727920333333332
0.35968479333333336
0.41498670666666665
0.23241689666666665
0.251651375
0.20381558666666666
0.19282349833333334
0.13099080999999999
0.15544480666666669
0.17700439
0.0775666435
0.23556718499999998
0.2609129466666667
0.4283026966666666
0.43490955333333337
0.2714779866666667
0.5298331000000001
0.51704192
0.45587542833333344
0.4186734233333333
0.3850395533333333
0.37570454166666667
0.3468691083333333
0.33216986833333334
0.46428974500000003
0.45811947333333336
0.55620751
0.39625747166666664
0.31220698333333335
0.28073822833333334
0.251542585
0.22160673333333333
0.22571355333333334
0.19316539
0.175342765
0.23013883999999998
0.28389563
0.35322746499999996
0.4863002516666666
0.19912813333333332
0.22733954833333334
0.21716209
0.19876944666666665
0.19667534500000003
0.15740297333333333
0.15557641
0.20300296333333334
0.17313741833333332
0.21515937833333335
0.41449664666666663
0.286877435
0.19651215666666666
0.21268207166666667
0.2014936033333333
0.17637588666666668
0.18012041666666664
0.11032800499999999
0.08847774066666665
0.11637513666666666
0.11174066133333332
0.22469764000000003
0.3739970266666666
0.30719034166666664
0.25937933
0.233152025
0.19910191666666666
0.20419365666666667
0.19921128000000002
0.102820636
0.09700529933333335
0.138875685
0.17888363
0.2515150483333333
0.28586232500000003
0.3098276716666667
0.229447175
0.22487649333333334
0.19452915499999998
0.22206099833333334
0.12443506649999998
0.13213429733333334
0.0847558425
0.10306980266666665
0.08761969666666668
0.20993722999999997
0.4520818833333333
0.27356125499999995
0.24006518666666668
0.251905305
0.2148476933333333
0.19309539833333333
0.16062679
0.12174614499999999
0.09748781083333334
0.10726562183333334
0.11357441750000001
0.20308908333333334
0.26101327999999996
0.3416295966666667
0.223809255
0.19277681333333332
0.21488183166666672
0.23460396000000003
0.1161533575
0.14904394499999998
0.10296830183333333
0.15167319833333334
0.23564591333333337
0.19795238333333331
0.24263437499999996
0.24913813166666665
0.19345764833333334
0.21659646666666668
0.19311900333333332
0.1396630316666667
0.11628036333333332
0.09912256333333334
0.0878479225
0.12878095833333333
0.08656788066666667
0.1940325966666667
0.31473718833333336
0.3424280516666667
0.20166984833333335
0.31170500333333334
0.2373715533333333
0.24621715333333336
0.16644890333333331
0.1411297066666667
0.10969050250000001
0.10109831200000001
0.15772718833333332
0.15131103833333334
0.54825617
0.38245753499999996
0.17681558666666666
0.2760985333333333
0.3355473216666667
0.23158159166666667
0.15626900999999999
0.11798594466666668
0.09787349266666666
0.08416770483333334
0.15911698666666665
0.21263929166666665
0.43051214
0.3567520016666666
0.21365115666666668
0.2773981933333334
0.27955689333333333
0.28487661000000003
0.205952675
0.15887487333333336
0.12446046666666667
0.13494295266666667
0.19439489166666665
0.244012785
0.34738245166666665
0.3794023933333333
0.27364251833333336
0.25293667833333333
0.29447785666666665
0.24088542166666668
0.19263280166666666
0.14805916
0.12293719316666667
0.14492421666666666
0.156739525
0.256573845
0.34269678666666664
0.5150460333333332
0.25182473666666666
0.25011802333333333
0.21066791166666668
0.19801661999999998
0.17999397000000003
0.139528011
0.10943406333333333
0.16370172166666666
0.27530498666666664
0.30403433500000004
0.33812246500000004
0.33406575999999993
0.3248761983333333
0.25233084666666666
0.25086901
0.2393882966666667
0.19523373833333335
0.11987948333333333
0.149804065
0.16070453666666665
0.2987497633333333
0.243133045
0.338532095
0.3836695833333333
0.32534073
0.24776656833333333
0.27940241166666663
0.24651850500000003
0.19958028833333333
0.12619239
0.12183142333333334
0.12232516666666667
0.19710854666666666
0.3351806016666667
0.511787335
0.41727541166666665
0.3500529966666666
0.212792925
0.2688320216666667
0.19430713833333332
0.1817074
0.14239621
0.12067611333333335
0.1576076
0.12320740816666668
0.232179065
0.30761844
0.43124175166666673
0.32345452
0.26271831
0.27566973
0.2885406116666667
0.21621909833333333
0.12920277333333333
0.158310585
0.15905272166666665
0.17673931499999998
0.21902266
0.4315975216666667
0.34678049499999997
0.25853961166666667
0.22735865999999996
0.23566376999999997
0.22804497833333334
0.24116163166666668
0.15713521166666664
0.11946695733333335
0.13282634666666665
0.1602665733333333
0.2875658433333333
0.43093363333333334
0.48035123833333326
0.35013517666666666
0.31412780166666665
0.23142335
0.21244296166666665
0.2581909166666667
0.15919938666666666
0.14086649333333331
0.12438763333333332
0.22295900000000002
0.26134781999999995
0.33536547999999994
0.44358146666666665
0.29946031333333334
0.2814165416666667
0.2476602383333333
0.21312260166666666
0.21742594166666665
0.12263318266666667
0.12024939899999999
0.13343270366666668
0.24673048499999997
0.21451876666666667
0.45166798
0.4450453383333333
0.2534786316666667
0.25860089833333333
0.26823735
0.17450788833333333
0.17648827666666667
0.12335885833333333
0.13729914
0.16969173333333334
0.17198058833333332
0.2574244566666667
0.34937188166666666
0.4092378966666667
0.3205400733333334
0.23336361500000002
0.2516199883333333
0.22664004999999998
0.14941577666666664
0.13596227066666666
0.14010444
0.08753541916666668
0.12512330166666666
0.3020586
0.2860846466666667
0.34448714
0.2896251316666667
0.22971237166666666
0.18937422
0.19142049833333333
0.13730416333333334
0.13138064933333335
0.10816567966666667
0.12344707166666667
0.23438322333333336
0.2957831933333333
0.22722147999999998
0.2826304166666667
0.3508543566666667
0.2033498016666667
0.24776933833333334
0.31665287000000003
0.15524876333333332
0.09713400616666666
0.09238457300000001
0.0959150875
0.105923745
0.2706458033333334
0.28238919500000004
0.3678467316666667
0.28474642
0.21692543500000003
0.20008682166666666
0.15937273833333335
0.1399910666666667
0.14095984166666667
0.11142567599999999
0.15797625333333332
0.14529551666666665
0.21792458833333336
0.3427544
0.3330421516666667
0.27785853
0.21649690166666669
0.239141755
0.1895608533333333
0.150707265
0.09535002399999999
0.14208142166666668
0.10807523400000002
0.20472922833333332
0.22830202666666666
0.396368695
0.3860936566666667
0.38266094833333336
0.2576172533333333
0.275513135
0.24128713833333335
0.28239759999999997
0.12251805
0.08657350666666667
0.13878347266666666
0.18483577000000004
0.25371715499999997
0.37549150000000003
