0.10398363166666667
0.07784604533333334
0.05602187966666666
0.03193915533333333
0.030786838666666667
0.058370811333333335
0.055856043
0.04030564466666666
0.03992744166666667
0.037271377
0.045695319000000005
0.070694565
0.054452590999999995
0.05523210066666667
0.03250336266666667
0.026367996
0.036353034666666666
0.070484318
0.05937154966666666
0.05465282766666666
0.048012706666666675
0.05028419866666667
0.05962113733333333
0.05360512466666667
0.26198215333333336
0.07180908333333334
0.05395137933333333
0.040399168
0.060881306999999996
0.11401704466666666
0.14579871333333333
0.15329817333333332
0.15782449
0.16001168333333335
0.11493979
0.11502135166666666
0.09695242666666666
0.08727681
0.07953007499999999
0.08485549533333332
0.10414044833333332
0.10998057333333333
0.11525251999999998
0.09914515866666668
0.09848625466666666
0.10295413866666665
0.12050875133333333
0.12294107466666666
0.10061008666666667
0.08442314333333334
0.05903441
0.050628323333333336
0.07341370166666666
0.072884378
0.08707990833333333
0.069253107
0.0738119
0.056010116666666665
0.06262362166666667
0.058076140666666665
0.17430619666666666
0.05416943
0.04104055966666667
0.04393135333333333
0.06230710166666666
0.057964674
0.06003033733333333
0.046443853
0.06038845
0.056672419
0.057288182666666666
0.10063908166666667
0.06039792233333333
0.041285135
0.03162826233333333
0.03156044066666667
0.045881812999999994
0.10219761133333334
0.06283763399999999
0.047374697
0.0605824
0.04543498000000001
0.050840275666666664
0.08329764666666666
0.071725915
0.043906917999999996
0.03315449833333333
0.02937103166666667
0.054662301999999996
0.061704119333333335
0.03863090266666667
0.05214841533333334
0.06181222
0.05468802066666667
0.04958026599999999
0.05766464433333333
0.04666840533333333
0.06643018633333332
0.027603619666666666
0.032525527666666665
0.030739613333333332
0.03625125966666667
0.03385220566666667
0.033024137
0.05293754333333334
0.048076576333333336
0.046116398333333336
0.05023966
0.055258513333333335
0.04332782966666667
0.39768397000000005
0.06546451200000002
0.058232208333333334
0.053465619
0.04951252033333334
0.04654763133333333
0.04503032433333334
0.05970965566666667
0.05187339333333333
0.05580962933333333
0.05991318633333333
0.04124480966666667
0.047713925666666664
0.06380182
0.06721146333333333
0.06801515666666667
0.05108533366666667
0.065082258
0.053330277333333335
0.055869370333333335
0.048123254666666664
0.056809671
0.04600754666666667
0.040479473999999994
0.032391166
0.12179001533333333
0.23887464666666666
0.28866245333333335
0.31811855666666666
0.31522095666666666
0.2700417666666666
0.22118087333333333
0.19033976333333333
0.18333913999999998
0.15041738333333332
0.13134612999999998
0.119742995
0.13202490333333336
0.13999659
0.14667378
0.14510125333333335
0.14808866666666667
0.13299910999999998
0.11954815333333334
0.15789785666666667
0.11034248466666667
0.10254070333333333
0.09105684333333335
0.09095093633333333
0.10638556333333334
0.10479975833333333
0.10465579166666666
0.09262250533333333
0.10468693966666666
0.09350082166666666
0.083636315
0.12260222966666667
0.14813979
0.06601441
0.04969563733333334
0.048179554333333326
0.066254332
0.06670804666666667
0.057383478999999994
0.05607921333333333
0.05837558366666667
0.05157603866666668
0.061397123
0.09173684833333334
0.08365510999999999
0.054225662333333334
0.041294419666666665
0.04346428333333333
0.06902089166666667
0.05794537566666667
0.04459379066666667
0.058057146000000004
0.06002718533333332
0.059997305333333334
0.04661188166666667
0.054161646
0.06203387333333333
0.03448422266666667
0.03301478833333333
0.030120739999999997
0.064444948
0.06561813333333333
0.06355553133333335
0.053737643
0.05917809433333334
0.05173494966666667
0.11703278333333333
0.06813783
0.08051393533333333
0.04367363466666666
0.03206010533333333
0.030392206333333335
0.033207737333333334
0.05636285533333333
0.074468326
0.053687561333333335
0.037599939
0.03329405533333333
0.027012513333333335
0.02826440666666667
0.07354535999999999
0.03582311666666666
0.03344855333333333
0.049665680999999996
0.06713892133333334
0.097750074
0.07671247199999999
0.04216236066666667
0.34644243333333335
0.11546311666666666
0.06283080833333334
0.060975120333333334
0.049063555333333335
0.05426054933333333
0.036236550666666666
0.028603572999999997
0.03784086433333333
0.04194192433333333
0.04349609499999999
0.036096932666666665
0.07372512866666667
0.05004165533333333
0.04101909233333333
0.06233064933333334
0.07908063333333333
0.10841909500000001
0.05952705266666666
0.05650709566666667
0.07550888333333332
0.12029417466666666
0.07961348333333335
0.08938179133333334
0.09484391799999999
0.054946733666666664
0.06586099466666667
0.13569457
0.10087931466666666
0.097011872
0.044027919
0.04969237266666667
0.08129647866666666
0.16107372666666667
0.12926806666666665
0.124623105
0.11184110800000001
0.055909201
0.06282700466666667
0.11999790666666667
0.09813501000000001
0.06383146366666666
0.03376593333333333
0.06174306566666667
0.09986302466666667
0.08721873133333334
0.18966922333333336
0.061423328666666666
0.09393114966666667
0.06728983666666667
0.09261378799999999
0.094049638
0.11712655466666666
0.10729405733333335
0.08839941333333333
0.07883549333333333
0.110115
0.16075764666666667
0.1538656233333333
0.10124431866666667
0.10140945466666668
0.071401902
0.06569572833333333
0.090106745
0.14331426
0.16178120666666665
0.06916730333333333
0.12937819000000003
0.10885655533333334
0.11782951333333334
0.10810998166666667
0.10066115666666665
0.06322833900000001
0.06326807433333333
0.08813739300000001
0.09051009
0.10075583866666667
0.10377804
0.08306787866666666
0.06821954333333334
0.10985353466666668
0.18241013000000003
0.13413842333333334
0.14285102000000002
0.09385251500000001
0.07884264533333334
0.10347633866666667
0.10191452666666667
0.14408653333333332
0.12607929833333334
0.07329102966666666
0.08284726666666666
0.11832624200000001
0.14776845333333333
0.12627101333333335
0.09208785333333332
0.07272747166666667
0.07260232000000001
0.11800572166666666
0.12303981999999998
0.14121709000000002
0.10357658333333335
0.08280304666666667
0.06421951999999999
0.17989133999999998
0.22613683666666665
0.13588710333333331
0.11526114133333333
0.08534279266666667
0.07873229133333333
0.09854381133333334
0.085113915
0.17451291333333332
0.14234343666666668
0.061250243333333336
0.064333478
0.12751834999999997
0.17856861
0.1352660933333333
0.15232155333333333
0.11154458666666667
0.1073731
0.09164668866666668
0.09804247466666666
0.11864131533333333
0.13116289
0.07649481000000001
0.09061392666666668
0.09348185800000001
0.13405115666666667
0.119498102
0.11131776666666666
0.09069331166666668
0.08315972366666667
0.08657889
0.12291268333333334
0.10885601666666667
0.08391506333333332
0.06329310533333334
0.06062667233333333
0.11598595466666667
0.16454137
0.16612251666666666
0.10664161166666668
0.14118681333333336
0.09978950333333332
0.12136504
0.097908255
0.16792396333333334
0.11157882133333334
0.067863112
0.06436916333333333
0.18683064000000002
0.16717939333333331
0.15849187
0.10995500333333334
0.08474130333333334
0.10212027533333334
0.09804761533333334
0.10805727166666668
0.12065096333333335
0.14516586
0.09146990833333334
0.06321810500000001
0.1944933533333333
0.17171995999999998
0.13934052666666666
0.105847015
0.08123718499999999
0.08333719333333334
0.07008279499999999
0.11535178166666667
0.12020621999999999
0.081977615
0.07072988666666667
0.061796605
0.16342005
0.15254312
0.120532892
0.11012347
0.078251418
0.07726159333333334
0.08748091000000001
0.09237031133333333
0.27442294
0.09506082333333334
0.06328996233333334
0.054874016666666664
0.097740118
0.13046930666666667
0.12777290133333333
0.106317343
0.09638260366666666
0.073123005
0.09558327633333334
0.11576124166666668
0.10673875
0.08950289500000001
0.07665956166666667
0.06541679533333333
0.13313330333333334
0.11503869500000001
0.10717689000000001
0.09904098666666666
0.08656681333333334
0.06683888866666667
0.08866298333333333
0.13859501533333332
0.14045920666666667
0.074545698
0.07077379
0.07992370166666667
0.11018550199999999
0.15336164333333335
0.12308158133333334
0.1024791
0.09250358533333335
0.07640677533333333
0.08087355633333333
0.08514245866666666
0.10134085333333333
0.087994252
0.06417902833333333
0.04098237933333333
0.07741845533333333
0.12638134333333334
0.11354639133333333
0.16517782666666667
0.10469308333333333
0.06582801466666666
0.08713194666666668
0.140539295
0.06860566866666667
0.11450773033333332
0.06527697466666667
0.053552031666666666
0.12427356333333334
0.12526130533333335
0.14303741
0.08532631
0.09602410333333333
0.07669031633333333
0.07187202333333333
0.07254700000000001
0.07268101333333332
0.07522428833333333
