0.10603942
0.078310356
0.056483656
0.0323107
0.031169036
0.057764344
0.055570923
0.0400344
0.040074907
0.037435804
0.04631502
0.070895195
0.054273665
0.055314787
0.033219334
0.026555976
0.03669387
0.069914594
0.059146106
0.054741994
0.0480968
0.05081408
0.060431316
0.054039214
0.26396674
0.07174257
0.054153763
0.041158956
0.060946006
0.113869414
0.14569293
0.15281914
0.15763031
0.16030535
0.11527315
0.11526164
0.09720883
0.08740172
0.07962691
0.084987976
0.10367972
0.10962971
0.11520469
0.09888247
0.09877465
0.103322946
0.12150445
0.123415664
0.10096882
0.08510706
0.059234463
0.0506492
0.07363904
0.07203381
0.08632168
0.069472305
0.07420506
0.05693751
0.06313339
0.05862775
0.17788073
0.054674927
0.041516084
0.04397666
0.06180478
0.057121642
0.05950513
0.046525255
0.06023191
0.057242043
0.057745248
0.10265606
0.06067221
0.041610707
0.032254852
0.03166687
0.045515493
0.10143954
0.062674485
0.047212135
0.06103254
0.046051543
0.051427487
0.08291298
0.07164706
0.04415129
0.03363041
0.029445685
0.054937858
0.06199623
0.03832402
0.052603304
0.0613811
0.055135876
0.04960563
0.05817719
0.046847556
0.06777288
0.028208245
0.032368015
0.030327512
0.035770305
0.03314213
0.032740008
0.053195577
0.048990566
0.04738642
0.050899927
0.055755276
0.044280905
0.41021523
0.06590368
0.057605397
0.05255689
0.049698863
0.046918277
0.045819703
0.060863048
0.052604534
0.056932177
0.060773194
0.041772045
0.04799218
0.06255609
0.06685041
0.06704442
0.05087244
0.06580523
0.053902272
0.056511395
0.04876281
0.05724568
0.046375133
0.041126985
0.032874174
0.1228971
0.23810893
0.2870006
0.3177127
0.31524685
0.2717909
0.22264971
0.19025424
0.18352914
0.15092002
0.13152908
0.1199244
0.13098669
0.1388128
0.14577766
0.14507404
0.14826985
0.13335632
0.12031404
0.16161099
0.1106158
0.10309312
0.09136633
0.090923704
0.105607085
0.10403879
0.104161285
0.092372686
0.104781784
0.09441514
0.08450873
0.12387851
0.15202194
0.066144586
0.050166808
0.04774076
0.06516864
0.06590617
0.05713097
0.05602596
0.05845254
0.052345052
0.062285867
0.093621165
0.08634478
0.05511562
0.041858517
0.04364251
0.0682527
0.057492256
0.04409204
0.058054198
0.060242206
0.061031144
0.04714748
0.055023413
0.062870264
0.035126053
0.03330278
0.030171169
0.06407117
0.06501359
0.06335834
0.053545624
0.059063483
0.052624095
0.1186315
0.06877383
0.08214035
0.04370795
0.032543167
0.03115217
0.033101972
0.05600251
0.0743231
0.053711824
0.038005143
0.03431617
0.027483167
0.029112725
0.07730191
0.037036568
0.033930037
0.049507093
0.06814423
0.09920444
0.07730114
0.04255444
0.34830058
0.11754194
0.06406519
0.061802424
0.049606528
0.05490328
0.037084453
0.028768223
0.037454933
0.04168719
0.04300157
0.035912357
0.073588096
0.05085869
0.042145517
0.06309658
0.08039431
0.108173825
0.060208764
0.056260653
0.0752706
0.12047076
0.079683
0.09001012
0.095443174
0.056477148
0.06634234
0.1386796
0.10001262
0.097316936
0.04462382
0.049495555
0.08113224
0.16085587
0.1291099
0.12619881
0.113532804
0.056905188
0.062833264
0.122302
0.09843783
0.065016896
0.034657378
0.06271404
0.09916256
0.086170144
0.19386849
0.061268248
0.09399556
0.06744069
0.0924394
0.093601994
0.118053734
0.106696226
0.08812094
0.07864453
0.10964933
0.16021563
0.1568436
0.10129249
0.10193299
0.071851976
0.066455
0.090309955
0.14399746
0.1628439
0.07166932
0.13097326
0.10870137
0.11710696
0.10864237
0.10020438
0.064259015
0.06400345
0.087961525
0.08933923
0.09963707
0.10322762
0.08387806
0.06830405
0.10990687
0.18371032
0.13489267
0.14373878
0.09394466
0.079471156
0.10275548
0.1004182
0.14465496
0.124121495
0.07514267
0.08353288
0.119249016
0.14875901
0.1287996
0.09260763
0.073658645
0.074454
0.120800145
0.12343293
0.14165987
0.10312832
0.08329556
0.06429035
0.18247396
0.23420602
0.13909431
0.11814231
0.08744091
0.08013714
0.09882898
0.08689034
0.17491817
0.14332208
0.06298478
0.064977124
0.12746796
0.17916715
0.13487092
0.1564536
0.1119492
0.10732379
0.09040818
0.09696166
0.118240096
0.13176405
0.077651
0.09269396
0.093832314
0.13340476
0.11860696
0.1104871
0.09142527
0.083556
0.08828289
0.12285646
0.10890377
0.08453899
0.06442146
0.06083882
0.11645109
0.16559885
0.16724648
0.107406445
0.14124653
0.10129138
0.12066609
0.09681598
0.17129004
0.11036546
0.06884451
0.06493585
0.1882578
0.16612765
0.1586795
0.11071513
0.086254336
0.103917986
0.098389596
0.10891684
0.12136222
0.14445147
0.09227676
0.062832095
0.19610746
0.17207387
0.14082184
0.107111625
0.08150877
0.08509237
0.070917055
0.11679737
0.11942081
0.08315338
0.07148238
0.061384305
0.16496325
0.15340535
0.12225596
0.11113197
0.07972674
0.07892494
0.08809881
0.09174438
0.289686
0.09575983
0.06496556
0.055089705
0.09860515
0.13102087
0.12863909
0.10611633
0.097218245
0.07524383
0.09449469
0.11594917
0.10730235
0.09111029
0.079450585
0.06635279
0.1332755
0.115313575
0.10974416
0.099202566
0.0877586
0.069612496
0.088448085
0.13943754
0.14122121
0.07556711
0.07275811
0.082211755
0.110632546
0.15560514
0.124575004
0.10227388
0.093700536
0.07792139
0.0815304
0.0845123
0.10095264
0.087909006
0.06519542
0.041107748
0.07778098
0.12709998
0.11554064
0.16971892
0.10616038
0.06753229
0.08735364
0.14194633
0.068330646
0.118941955
0.06689191
0.054463085
0.12895921
0.12606259
0.14543459
0.08621826
0.09726955
0.07776618
0.0720953
0.07227509
0.07160656
0.0750148
